0.0000000e+00
0.0000000e+00
0.0000000e+00
0.0000000e+00
0.0000000e+00
0.0000000e+00
0.0000000e+00
0.0000000e+00
0.0000000e+00
0.0000000e+00
0.0000000e+00
0.0000000e+00
1.0000000e+00
-5.0000000e-01
-1.7000000e+00
-1.8500000e+00
-2.1600000e+00
1.3500000e-01
1.6470000e+00
1.5525000e+00
1.3996000e+00
-1.1871500e+00
-2.6668700e+00
-2.3358650e+00
-9.6905600e-01
1.6604950e-01
3.4438870e-01
-2.7184595e-01
-2.0129180e+00
-8.2262587e-01
5.8641675e-01
1.1622549e+00
1.7517631e+00
-5.6181527e-01
-2.2880495e+00
-2.3947788e+00
-2.2931442e+00
3.8320099e-01
1.9884019e+00
1.7201612e+00
3.2827988e-01
-8.7583297e-01
-1.1056289e+00
-4.9254580e-01
1.2813944e+00
1.2617648e-01
-1.2707996e+00
-1.8591231e+00
-2.4695634e+00
-1.6817721e-01
1.5605172e+00
1.6782412e+00
5.8587920e-01
-5.8888966e-01
-9.9900510e-01
-5.8678234e-01
1.1125212e+00
2.3268867e-02
-1.2554960e+00
-1.7717842e+00
-1.3929370e+00
-6.5268806e-01
-1.7763216e-01
-2.2075052e-01
-1.5964080e+00
-4.4188264e-01
6.7560296e-01
9.8492081e-01
5.1199874e-01
-1.7744583e-01
-5.3584495e-01
-4.1163286e-01
-3.6541403e-02
2.5160160e-01
2.7718058e-01
1.0105946e-01
-9.2966946e-02
-1.6370857e-01
-9.8631708e-02
1.5964291e-02
8.5006487e-02
7.3831483e-02
1.4326942e-02
-3.7355096e-02
-4.7383955e-02
-2.1235388e-02
1.1933381e-02
2.6798152e-02
1.8444786e-02
-3.1392067e-04
-1.3225271e-02
-1.3005526e-02
-3.7478368e-03
5.3560317e-03
7.9795174e-03
4.2302952e-03
-1.3553669e-03
-4.3165736e-03
-3.3678168e-03
-3.4621522e-04
2.0112565e-03
2.2536072e-03
8.4572761e-04
-7.3179741e-04
-1.3238067e-03
-8.1154855e-04
1.1511616e-04
6.8320015e-04
6.0261883e-04
1.2437873e-04
-2.9745445e-04
-3.8451956e-04
-1.7630145e-04
9.2862248e-05
2.1627326e-04
1.5126969e-04
-1.2159552e-07
-1.0601038e-04
-1.0592526e-04
-3.1717996e-05
4.2429686e-05
6.4632283e-05
3.4931503e-05
-1.0311095e-05
-3.4763147e-05
-2.7545381e-05
-3.2111776e-06
1.6070589e-05
1.8318413e-05
7.0690010e-06
-5.7538882e-06
-1.0702189e-05